category_id,x_min,y_min,x_max,y_max
酸奶,0.9991681575775146,388.361083984375,150.02239990234375,456.41192626953125,217.90948486328125
酸奶,0.9999415874481201,173.50314331054688,86.74337005615234,255.92041015625,161.25558471679688
酸奶,0.9242303967475891,1470.3358154296875,1021.9735107421875,1589.0123291015625,1073.8262939453125
酸奶,0.9999427795410156,381.0679931640625,76.85800170898438,461.52142333984375,163.92201232910156
酸奶,0.9449689984321594,1268.5291748046875,67.2219467163086,1318.9566650390625,184.46441650390625
酸奶,0.6422634720802307,1788.9112548828125,267.6575012207031,1842.4302978515625,374.8796691894531
酸奶,0.9999744892120361,530.4257202148438,453.8160705566406,598.2627563476562,545.7593994140625
酸奶,0.9880244135856628,1345.0911865234375,73.02595520019531,1399.6485595703125,177.84742736816406
酸奶,0.9999750852584839,248.67202758789062,81.9947280883789,320.0279235839844,162.55892944335938
酸奶,0.9629310965538025,1303.8243408203125,67.18540954589844,1350.1832275390625,180.46487426757812
酸奶,0.607904851436615,1205.0716552734375,470.13714599609375,1257.4281005859375,610.0070190429688
酸奶,0.9995386600494385,187.97425842285156,159.4911651611328,259.5887451171875,221.05458068847656
酸奶,0.9958219528198242,186.8291778564453,520.07080078125,260.952392578125,578.78076171875
酸奶,0.9494391083717346,1444.4794921875,69.01961517333984,1495.827392578125,175.17135620117188
酸奶,0.9997264742851257,1481.910400390625,970.599365234375,1588.4384765625,1035.1021728515625
酸奶,0.999039351940155,1001.0654296875,63.340450286865234,1066.788818359375,128.41751098632812
酸奶,0.9995821118354797,537.0462036132812,539.260986328125,612.0319213867188,608.955322265625
酸奶,0.9997095465660095,660.0671997070312,746.2427368164062,731.6340942382812,821.9293823242188
酸奶,0.9999786615371704,311.46728515625,81.95470428466797,387.29388427734375,161.77932739257812
酸奶,0.9989874958992004,324.7034606933594,697.5989379882812,403.9738464355469,777.8737182617188
酸奶,0.9998112320899963,1062.1158447265625,58.48106384277344,1136.9129638671875,129.66551208496094
酸奶,0.9971296191215515,312.4419250488281,351.18072509765625,382.6022644042969,408.59429931640625
酸奶,0.9998196959495544,982.7525024414062,333.45489501953125,1076.0108642578125,401.85491943359375
酸奶,0.9927780032157898,600.4033203125,539.5082397460938,668.5433349609375,609.9923706054688
酸奶,0.9950054287910461,254.31295776367188,474.2539367675781,335.9376525878906,542.2196044921875
酸奶,0.9915040135383606,138.7528839111328,685.37353515625,216.70021057128906,755.785400390625
酸奶,0.9999229907989502,517.6270141601562,671.3375244140625,589.9124145507812,753.650146484375
酸奶,0.9954283237457275,241.76748657226562,348.91351318359375,320.6763000488281,404.94757080078125
酸奶,0.9789254665374756,187.10984802246094,565.2412719726562,259.2313232421875,613.2902221679688
酸奶,0.9940394163131714,994.6050415039062,125.14192199707031,1066.4442138671875,190.15785217285156
酸奶,0.36997169256210327,1193.6304931640625,731.2772216796875,1254.4486083984375,821.9219970703125
酸奶,0.9951157569885254,525.29443359375,754.0448608398438,596.8291015625,822.7587280273438
酸奶,0.9834501147270203,140.20761108398438,983.0095825195312,246.26174926757812,1033.85009765625
酸奶,0.9996912479400635,591.6493530273438,745.1880493164062,663.0894165039062,825.2418823242188
酸奶,0.5882017612457275,1601.000244140625,507.0690612792969,1653.3876953125,595.1705932617188
酸奶,0.8659999370574951,624.7470703125,452.3687744140625,680.352783203125,547.6530151367188
酸奶,0.9988510608673096,238.1394500732422,285.21856689453125,315.87530517578125,353.28546142578125
酸奶,0.998674750328064,988.1018676757812,269.44989013671875,1085.268798828125,339.6185302734375
酸奶,0.9995399713516235,316.61328125,155.15879821777344,387.02655029296875,214.66697692871094
酸奶,0.9995085000991821,596.4881591796875,457.1788635253906,650.381103515625,551.9536743164062
酸奶,0.7818325161933899,146.36727905273438,720.707275390625,218.796875,795.177978515625
酸奶,0.9982640147209167,211.12986755371094,686.7174072265625,285.0452880859375,746.561767578125
酸奶,0.9996731281280518,654.8500366210938,664.3590698242188,724.8632202148438,756.3959350585938
酸奶,0.5959771871566772,1845.0670166015625,270.05303955078125,1901.0704345703125,367.46875
酸奶,0.9989792108535767,1070.750244140625,329.5726013183594,1147.27587890625,398.7868347167969
酸奶,0.9958323836326599,1067.2369384765625,125.14817810058594,1136.5836181640625,191.6200714111328
酸奶,0.2475758045911789,1833.6103515625,53.149696350097656,1880.47265625,158.7635498046875
酸奶,0.9939354062080383,380.631591796875,280.3581237792969,455.70477294921875,352.7242736816406
酸奶,0.9955354928970337,1075.01708984375,268.5838928222656,1146.7890625,340.9812316894531
酸奶,0.997999370098114,468.80633544921875,548.767578125,534.7236938476562,613.4263916015625
酸奶,0.9994766116142273,586.85595703125,673.4607543945312,660.9503173828125,753.4113159179688
酸奶,0.9981042146682739,98.00646209716797,162.78570556640625,176.00360107421875,220.5673828125
酸奶,0.9204043745994568,135.84295654296875,929.1072387695312,240.96676635742188,982.4364624023438
酸奶,0.9994463324546814,253.5555877685547,157.10052490234375,320.8047790527344,219.81765747070312
酸奶,0.7541838884353638,1135.3441162109375,726.722412109375,1196.6197509765625,821.255615234375
酸奶,0.9680114388465881,1646.1417236328125,520.5182495117188,1719.6651611328125,603.1524047851562
酸奶,0.5594730377197266,1406.083984375,69.15406799316406,1450.699951171875,177.56973266601562
酸奶,0.5410071015357971,10.079620361328125,714.8818969726562,108.17345428466797,827.0647583007812
酸奶,0.5332117676734924,1155.50146484375,475.80804443359375,1210.081787109375,613.2349243164062
酸奶,0.5077255368232727,1542.9014892578125,472.4783935546875,1598.5653076171875,599.481201171875
饮料,0.9995192289352417,1330.2911376953125,473.26593017578125,1384.4288330078125,602.2837524414062
饮料,0.9999582767486572,1192.9720458984375,258.2373352050781,1247.0762939453125,395.4900207519531
饮料,0.9999817609786987,1298.026611328125,261.3721008300781,1357.014892578125,401.2386779785156
饮料,0.9999849796295166,1246.94287109375,261.4967346191406,1304.888671875,397.6747741699219
饮料,0.9993916749954224,1438.9307861328125,464.4759521484375,1498.7855224609375,604.0589599609375
饮料,0.9999359846115112,987.8076782226562,706.0614624023438,1041.392333984375,814.5592651367188
饮料,0.7383885383605957,592.7056274414062,287.54644775390625,635.9395141601562,400.02789306640625
饮料,0.9999638795852661,1440.9339599609375,649.4947509765625,1512.6146240234375,824.924072265625
饮料,0.9986408352851868,1093.4671630859375,707.5748901367188,1143.4862060546875,813.7080688476562
饮料,0.999402642250061,1043.2344970703125,698.3627319335938,1095.3919677734375,813.7114868164062
饮料,0.9812275767326355,1223.5040283203125,73.03547668457031,1276.0723876953125,181.6533660888672
饮料,0.9999803304672241,1177.047119140625,73.76995849609375,1230.75439453125,184.5419921875
饮料,0.8054788708686829,1544.21240234375,476.1077575683594,1599.57568359375,605.6179809570312
饮料,0.9998818635940552,1509.6173095703125,651.1318359375,1582.4979248046875,824.02197265625
饮料,0.9706782102584839,1784.820556640625,56.80778121948242,1830.4970703125,163.29269409179688
饮料,0.7663667798042297,1728.6546630859375,56.01445007324219,1779.6495361328125,163.1764678955078
饮料,0.9878266453742981,511.1954040527344,306.7187194824219,564.896484375,399.1488342285156
饮料,0.9262856841087341,1732.697509765625,269.6971740722656,1788.930908203125,380.1871643066406
饮料,0.9983245730400085,1357.261962890625,260.6842956542969,1412.855712890625,392.3733825683594
饮料,0.9995995163917542,1133.90966796875,78.0545654296875,1187.038330078125,186.59884643554688
饮料,0.9926822781562805,1140.2353515625,264.5524597167969,1192.005126953125,393.1844177246094
饮料,0.9964842796325684,1583.9991455078125,648.0325927734375,1650.2928466796875,820.689208984375
饮料,0.6412966847419739,1155.1341552734375,468.7220458984375,1211.1094970703125,609.5606689453125
饮料,0.9728342890739441,492.0641174316406,88.88029479980469,549.6861572265625,203.17933654785156
饮料,0.9982448816299438,1268.383544921875,475.658935546875,1330.20166015625,601.8443603515625
饮料,0.8530107736587524,466.7737731933594,95.13560485839844,519.7630615234375,204.6969757080078
饮料,0.9979225993156433,1492.154541015625,470.6541748046875,1545.362060546875,598.94873046875
饮料,0.9997648596763611,1382.5765380859375,473.08380126953125,1442.5340576171875,599.4317016601562
饮料,0.9304556846618652,637.1593017578125,297.1775817871094,677.6282958984375,396.9957580566406
饮料,0.9924319982528687,552.7291259765625,294.74835205078125,601.5289306640625,397.38580322265625
饮料,0.9884904623031616,1662.6898193359375,659.3157958984375,1735.5294189453125,820.07763671875
饮料,0.992807149887085,537.6481323242188,92.89552307128906,584.5481567382812,204.63658142089844
饮料,0.7204706072807312,1796.7169189453125,265.1168518066406,1844.4212646484375,379.8592224121094
饮料,0.805793285369873,581.289306640625,102.65702819824219,631.60302734375,199.67628479003906
饮料,0.3592449426651001,1847.0394287109375,269.3398132324219,1897.3123779296875,378.8137512207031
饮料,0.7475901246070862,482.76483154296875,307.8517761230469,530.56640625,399.3970031738281
饮料,0.4810090959072113,1204.2896728515625,468.5106201171875,1255.1634521484375,608.82568359375
饮料,0.9992751479148865,1263.229736328125,656.153564453125,1328.6328125,815.3756103515625
饮料,0.8890767693519592,1193.684326171875,717.6534423828125,1255.857666015625,824.3543701171875
饮料,0.39509570598602295,1409.249267578125,266.8601379394531,1464.1962890625,387.7557067871094
