category_id,x_min,y_min,x_max,y_max
酸奶,0.0750609040260315,0.49040985107421875,1244.0118408203125,114.61621856689453,1412.5108642578125
饮料,0.9976180195808411,888.6976928710938,450.0338134765625,981.7979125976562,773.520751953125
饮料,0.9994103908538818,964.6837768554688,437.08984375,1069.2359619140625,777.834716796875
饮料,0.9980124235153198,891.0499877929688,850.7994995117188,995.3543090820312,1143.3701171875
饮料,0.6529090404510498,968.6387329101562,848.2506713867188,1069.4219970703125,1119.6448974609375
饮料,0.4489080011844635,0.0,892.2451171875,102.28132629394531,1179.12744140625
红酒,0.6670078039169312,323.3304443359375,480.60650634765625,412.8179931640625,786.3458862304688
红酒,0.14868688583374023,46.586524963378906,505.4552001953125,134.82901000976562,802.1856689453125
红酒,0.6579957604408264,48.25383758544922,141.14537048339844,142.39764404296875,383.81378173828125
红酒,0.3325969874858856,3.7889556884765625,884.0072631835938,102.66603088378906,1172.0206298828125
红酒,0.33543694019317627,607.7435302734375,1227.4725341796875,713.5751953125,1481.1522216796875
红酒,0.24858930706977844,107.97398376464844,1230.1488037109375,242.3804473876953,1484.8763427734375
红酒,0.515795886516571,290.66473388671875,872.094970703125,398.7369384765625,1129.2432861328125
红酒,0.22065500915050507,411.4163818359375,1284.1072998046875,533.4338989257812,1589.9312744140625
红酒,0.20002123713493347,189.6575469970703,542.881103515625,296.4845275878906,797.8599853515625
红酒,0.7106484770774841,409.0782775878906,877.9491577148438,496.7498474121094,1174.879638671875
红酒,0.8077762722969055,265.96820068359375,91.84567260742188,362.67041015625,373.0022888183594
红酒,0.11578118801116943,384.1526794433594,89.18128967285156,466.0632019042969,371.6990966796875
红酒,0.7489320635795593,179.18919372558594,85.37724304199219,272.00140380859375,375.6976318359375
红酒,0.5412551760673523,491.2764892578125,496.87017822265625,583.3526611328125,762.6370239257812
红酒,0.12350138276815414,226.5230712890625,89.81820678710938,302.202392578125,380.9989318847656
红酒,0.2849788963794708,175.61495971679688,905.0974731445312,269.0488586425781,1159.63134765625
红酒,0.2486909031867981,89.29518127441406,908.8999633789062,177.9691619873047,1150.0570068359375
红酒,0.10913397371768951,481.1083984375,78.53594970703125,571.17529296875,367.897705078125
红酒,0.540905773639679,1.9696502685546875,156.51483154296875,53.88595199584961,382.19561767578125
红酒,0.7662688493728638,108.194091796875,101.39921569824219,194.9239501953125,377.4910888671875
红酒,0.8330166339874268,432.05621337890625,85.79022216796875,538.3841552734375,369.08917236328125
红酒,0.6295678019523621,518.4901123046875,79.99382019042969,606.7213134765625,361.38092041015625
红酒,0.2548893690109253,329.745849609375,98.03515625,400.45245361328125,384.4315490722656
红酒,0.834985613822937,342.3153991699219,97.96929931640625,442.9118957519531,372.0338134765625
红酒,0.7683545351028442,403.1132507324219,474.888427734375,496.3421325683594,800.5921630859375
红酒,0.38724520802497864,3.2976760864257812,1236.328369140625,114.7213134765625,1432.652587890625
红酒,0.5080673694610596,491.7754821777344,874.034912109375,602.6279907226562,1151.21142578125
红酒,0.22660788893699646,509.0857849121094,1249.9783935546875,615.8687744140625,1518.6026611328125
红酒,0.26201891899108887,231.74465942382812,1240.8704833984375,406.7977600097656,1608.9036865234375
红酒,0.16630153357982635,928.2156372070312,1206.164794921875,1042.6907958984375,1512.200439453125
红酒,0.09349134564399719,801.2144775390625,1236.362548828125,922.83447265625,1551.330078125
红酒,0.24307744204998016,2.1720123291015625,500.99981689453125,69.94296264648438,798.7111206054688
红酒,0.17704957723617554,972.6094360351562,855.599365234375,1074.1011962890625,1109.9342041015625
红酒,0.22169063985347748,672.7565307617188,1224.031494140625,793.9176635742188,1559.946533203125
红酒,0.2098272293806076,11.528911590576172,147.595458984375,106.06251525878906,378.50701904296875
矿泉水,0.8666948080062866,90.84341430664062,905.5109252929688,173.68600463867188,1150.2576904296875
矿泉水,0.9464513063430786,800.4503173828125,1221.391357421875,922.197998046875,1547.36962890625
矿泉水,0.3417421877384186,399.9664001464844,466.30621337890625,489.6899719238281,792.5071411132812
矿泉水,0.24747751653194427,261.9068603515625,89.0892333984375,366.8157958984375,387.449951171875
矿泉水,0.5342738032341003,510.76776123046875,78.74319458007812,605.4835815429688,375.22467041015625
矿泉水,0.6421130895614624,403.0152587890625,875.3679809570312,493.42626953125,1155.813720703125
矿泉水,0.2873561978340149,48.60345458984375,141.1326141357422,145.2283172607422,381.77386474609375
矿泉水,0.6374693512916565,607.803466796875,1223.419189453125,718.22119140625,1478.57958984375
矿泉水,0.8395255208015442,173.66455078125,912.9242553710938,277.857421875,1159.3936767578125
矿泉水,0.2701912522315979,183.63059997558594,87.12464904785156,279.1606140136719,379.65081787109375
矿泉水,0.21942993998527527,116.2985610961914,97.38851928710938,194.23648071289062,374.4610595703125
矿泉水,0.4367876350879669,317.54534912109375,480.83349609375,414.727783203125,793.9168701171875
矿泉水,0.39300861954689026,493.70513916015625,493.93408203125,583.1480102539062,770.35400390625
矿泉水,0.9206703901290894,928.3405151367188,1204.6334228515625,1047.9765625,1511.5545654296875
矿泉水,0.7405577301979065,496.1467590332031,867.1597290039062,594.530029296875,1145.96728515625
矿泉水,0.8743678331375122,2.1172256469726562,498.84283447265625,70.95124053955078,800.5975952148438
矿泉水,0.8255195021629333,188.22616577148438,547.073486328125,297.54193115234375,789.3536376953125
矿泉水,0.9153939485549927,681.6149291992188,1237.591796875,800.4851684570312,1562.6201171875
矿泉水,0.8633779883384705,408.2724304199219,1285.5347900390625,531.7986450195312,1590.9515380859375
矿泉水,0.6341536045074463,293.9154968261719,866.1976318359375,398.4793395996094,1125.6402587890625
矿泉水,0.8541191220283508,518.9813232421875,1241.479736328125,613.72705078125,1519.635009765625
矿泉水,0.8171753287315369,1.5456809997558594,1240.067138671875,121.90162658691406,1426.5478515625
矿泉水,0.8450130224227905,108.14277648925781,1236.7816162109375,246.89512634277344,1487.4962158203125
矿泉水,0.880837082862854,27.695438385009766,506.0743103027344,132.29359436035156,799.7197265625
矿泉水,0.9422441124916077,229.87213134765625,1252.7596435546875,417.80670166015625,1596.1778564453125
矿泉水,0.7603951096534729,8.850730895996094,885.119384765625,101.83793640136719,1168.97509765625
矿泉水,0.4365715980529785,973.208740234375,850.7386474609375,1077.55810546875,1104.1690673828125
矿泉水,0.24974796175956726,336.6455993652344,89.23609924316406,445.1705627441406,371.4925537109375
矿泉水,0.2885296940803528,427.19525146484375,84.19242858886719,545.3078002929688,365.44342041015625
矿泉水,0.572486400604248,0.0,155.40567016601562,53.60321044921875,379.2157897949219
矿泉水,0.13848114013671875,11.11428451538086,147.47445678710938,108.12565612792969,379.7961120605469
