category_id,x_min,y_min,x_max,y_max
饮料,0.8700522780418396,1011.1780395507812,95.87016296386719,1080.0,375.33587646484375
饮料,0.2536998987197876,852.383056640625,94.0845947265625,938.141845703125,375.0302734375
饮料,0.674311637878418,931.0263671875,91.96836853027344,1020.0906982421875,371.64404296875
饮料,0.9878684878349304,530.9260864257812,486.1038818359375,626.4776000976562,809.829345703125
饮料,0.9736002683639526,617.6754760742188,484.553955078125,709.3231811523438,815.9647216796875
饮料,0.7433837056159973,681.3385620117188,113.73234558105469,767.3549194335938,384.81402587890625
饮料,0.08264252543449402,682.259033203125,505.5648193359375,765.7269287109375,791.4197998046875
饮料,0.580678403377533,1.3439140319824219,1322.8045654296875,98.36820983886719,1674.4420166015625
饮料,0.25739210844039917,885.5188598632812,528.6497802734375,1012.3687133789062,794.4412841796875
饮料,0.23405934870243073,152.49032592773438,936.0850830078125,260.1008605957031,1200.2711181640625
饮料,0.9443338513374329,561.495849609375,883.6737060546875,667.591552734375,1181.1290283203125
饮料,0.06369467824697495,478.007568359375,491.280517578125,559.5592041015625,802.1934814453125
饮料,0.056593477725982666,79.52619171142578,1327.8973388671875,216.7059326171875,1668.3018798828125
饮料,0.07144336402416229,2.9440460205078125,1773.8818359375,83.153076171875,1899.628173828125
饮料,0.08096788823604584,985.66796875,871.7701416015625,1080.0,1153.7821044921875
红酒,0.8311208486557007,31.69546890258789,511.6505126953125,128.40176391601562,834.67724609375
红酒,0.1794680505990982,10.445762634277344,500.7965087890625,83.20536804199219,831.2608642578125
红酒,0.5059975385665894,85.45105743408203,1335.1318359375,223.04434204101562,1669.10009765625
红酒,0.2026515156030655,929.8377075195312,95.87704467773438,1020.8634643554688,370.7493896484375
红酒,0.398995965719223,884.94873046875,1235.981689453125,980.263671875,1543.089111328125
红酒,0.24764929711818695,887.4696655273438,884.0039672851562,981.2780151367188,1171.087158203125
红酒,0.19146086275577545,686.4100341796875,509.9430847167969,769.527587890625,776.7222900390625
红酒,0.3725157380104065,371.5648193359375,1292.132568359375,495.58758544921875,1602.55517578125
红酒,0.869924783706665,153.3431396484375,907.470703125,259.54522705078125,1199.754150390625
红酒,0.8616843819618225,59.193424224853516,920.17919921875,159.03965759277344,1214.77392578125
红酒,0.7188536524772644,99.63894653320312,106.0791015625,198.35006713867188,389.0015869140625
红酒,0.051731009036302567,259.9870300292969,1274.7401123046875,354.3751525878906,1542.5687255859375
红酒,0.3126184642314911,115.17817687988281,521.0640869140625,207.00694274902344,810.837158203125
红酒,0.6945313215255737,14.831253051757812,106.02847290039062,115.95423889160156,404.5810852050781
红酒,0.34263792634010315,1.3140239715576172,488.59979248046875,51.41716766357422,822.1404418945312
红酒,0.22245089709758759,729.107177734375,1241.1082763671875,806.33447265625,1522.3775634765625
红酒,0.47811704874038696,204.85670471191406,1299.357177734375,328.7056884765625,1585.94873046875
红酒,0.45364752411842346,899.3568725585938,493.6031188964844,1012.9861450195312,789.774169921875
红酒,0.14038383960723877,793.167724609375,1249.1767578125,893.690673828125,1557.033447265625
红酒,0.15159955620765686,630.9133911132812,1252.5291748046875,756.5233764648438,1567.1402587890625
红酒,0.12473098933696747,1012.10009765625,95.77163696289062,1078.590087890625,373.93438720703125
红酒,0.05000144988298416,324.0191650390625,895.853271484375,535.610107421875,1190.98828125
红酒,0.24233710765838623,498.85479736328125,1270.3173828125,625.5468139648438,1603.404052734375
红酒,0.40047910809516907,767.8678588867188,501.32257080078125,868.8955688476562,800.2142944335938
红酒,0.17204034328460693,723.0411987304688,879.3870849609375,814.2593383789062,1173.0174560546875
红酒,0.2581843435764313,956.2815551757812,1246.43603515625,1077.7467041015625,1616.86474609375
红酒,0.3611101806163788,659.01025390625,884.8578491210938,742.704345703125,1151.57666015625
红酒,0.11632391810417175,815.3646240234375,885.70654296875,905.9599609375,1171.455078125
红酒,0.43834519386291504,996.9429931640625,491.7392578125,1078.8314208984375,774.0994873046875
红酒,0.2801065146923065,982.3802490234375,865.970947265625,1079.4556884765625,1152.47705078125
红酒,0.5931111574172974,0.53692626953125,1313.8897705078125,90.66368865966797,1685.7930908203125
红酒,0.06227967143058777,782.08984375,108.67326354980469,849.8721923828125,354.53326416015625
红酒,0.09049571305513382,856.83203125,100.60787963867188,934.466064453125,378.7347717285156
红酒,0.11532734334468842,7.435976028442383,915.505126953125,57.27093505859375,1205.559326171875
矿泉水,0.6882615089416504,855.0543823242188,105.42585754394531,937.8200073242188,363.36517333984375
矿泉水,0.9091071486473083,776.1412353515625,106.89990234375,854.5616455078125,368.4499816894531
矿泉水,0.9123123288154602,640.4902954101562,1257.3890380859375,751.3355102539062,1564.4093017578125
矿泉水,0.6499767303466797,997.19091796875,489.08367919921875,1080.0,764.5011596679688
矿泉水,0.8979858160018921,991.1599731445312,876.9235229492188,1079.8277587890625,1140.109130859375
矿泉水,0.904204785823822,721.1088256835938,884.1389770507812,813.2575073242188,1164.1761474609375
矿泉水,0.9075661897659302,951.2738647460938,1245.804931640625,1080.0,1625.350830078125
矿泉水,0.8253423571586609,368.23291015625,1306.42041015625,498.97802734375,1619.672119140625
矿泉水,0.9286948442459106,792.6197509765625,1239.89990234375,893.90966796875,1554.3408203125
矿泉水,0.9241090416908264,808.9724731445312,873.897705078125,902.6546020507812,1163.183349609375
矿泉水,0.7691922187805176,731.2615966796875,1240.4300537109375,810.873291015625,1519.4564208984375
矿泉水,0.07251632958650589,76.95872497558594,106.04774475097656,164.0168914794922,388.4847412109375
矿泉水,0.6029159426689148,934.8388061523438,99.957275390625,1018.2752075195312,366.2313537597656
矿泉水,0.7151868343353271,658.566162109375,881.0514526367188,735.13330078125,1134.6748046875
矿泉水,0.4175153970718384,98.83186340332031,109.46809387207031,219.5298309326172,382.82611083984375
矿泉水,0.788861870765686,895.1455078125,882.823974609375,981.0091552734375,1149.943359375
矿泉水,0.0764065682888031,115.17086791992188,515.157470703125,206.33798217773438,815.0491943359375
矿泉水,0.683777928352356,202.8125,1302.156005859375,323.4266357421875,1592.31689453125
矿泉水,0.6359330415725708,1.9509696960449219,1337.1802978515625,89.76506042480469,1666.9898681640625
矿泉水,0.6011532545089722,897.9927978515625,483.11407470703125,1008.5181884765625,794.6925659179688
矿泉水,0.6799865961074829,881.127197265625,1239.701416015625,981.0250244140625,1525.216796875
矿泉水,0.6203718185424805,81.118408203125,1349.345458984375,228.66192626953125,1668.939697265625
矿泉水,0.08925741910934448,685.326171875,1246.40087890625,782.24267578125,1535.652587890625
矿泉水,0.9126400947570801,499.6501159667969,1270.5189208984375,632.2777099609375,1600.4613037109375
矿泉水,0.06421365588903427,11.086715698242188,509.4169921875,75.92945098876953,825.3251953125
矿泉水,0.07706493139266968,1.7046966552734375,504.35467529296875,46.08732223510742,838.1705932617188
矿泉水,0.1580427885055542,55.21843338012695,915.779052734375,163.27926635742188,1212.102294921875
矿泉水,0.7257274389266968,1013.466064453125,101.86325073242188,1079.987060546875,364.2568359375
矿泉水,0.7001256942749023,773.1431884765625,494.1032409667969,872.728515625,799.7608642578125
矿泉水,0.117774099111557,154.6895294189453,908.2332153320312,261.40283203125,1193.55810546875
矿泉水,0.626959502696991,689.470458984375,120.9903793334961,763.63330078125,367.64581298828125
矿泉水,0.07092934846878052,921.5971069335938,1243.9420166015625,1038.830810546875,1557.9180908203125
矿泉水,0.5546611547470093,9.07049560546875,105.29129028320312,123.29217529296875,390.1583557128906
矿泉水,0.30850517749786377,26.282440185546875,514.919189453125,127.71464538574219,834.651611328125
